train_accuracies = [0.8202163371876166, 0.8166107173940073, 0.8142898586762817, 0.8057109702018318,
0.789464959177753, 0.8128393219777031, 0.8142484147706079, ]
test_accuracies = [0.811868059008785, 0.8180009945300846, 0.8267860102768109, 0.8037460633184154,
0.8045748383888612, 0.8092159787833582, 0.8148516492623902, ]
recalls = [0.6832917475089612, 0.7111466390030596, 0.722072528273056, 0.6777228178489301,
0.6416673934491461, 0.6850675852707351, 0.7035694123647062, ]
precisions = [0.7666070890908975, 0.7693654952440622, 0.7779740498319734, 0.7437043705628816,
 0.7531500509202992, 0.7638157354754145, 0.7608355861632365, ]
f_1s = [0.7065723469648497, 0.7311489469885362, 0.7421811003268168, 0.6977214444224391,
0.663785701492914, 0.7074705768981653, 0.7231625764281566, ]

n_nodes_1 = [6, 6, 4, 5, 7, 12, 8, ]
n_nodes_2 = [2, 2, 2, 2, 3, 4, 2, ]


train_accuracy=
train_accuracy=
recall=
precision=
f_1=
1_layer=
2_layer=

